913,483251347085	1086,51674865292
909,707218888766	1090,29278111124
906,049860182942	1093,95013981706
916,505121693556	1083,49487830645
912,63238667885	1087,36761332116
922,883306237202	1077,1166937628
918,801521741943	1081,19847825806
914,854285723878	1085,14571427613
925,034568134714	1074,96543186529
920,880795634946	1079,11920436506
916,865357162296	1083,13464283771
926,980992782961	1073,01900721704
922,761458641034	1077,23854135897
932,683729522373	1067,31627047763
942,268172305709	1057,7318276943
937,512469110388	1062,48753088962
932,927161470628	1067,07283852938
928,503127841466	1071,49687215854
924,231756934307	1075,7682430657
920,104934837769	1079,89506516224
930,115027748185	1069,88497225182
939,788375851161	1060,21162414885
949,12191065909	1050,87808934092
958,115380505687	1041,88461949432
952,771169755821	1047,22883024418
947,628724373643	1052,37127562636
956,677346480992	1043,32265351901
951,38773132746	1048,61226867255
960,296996004587	1039,70300399542
968,869552312913	1031,13044768709
963,110703765918	1036,88929623409
957,575219386177	1042,42478061383
952,251541547129	1047,74845845288
947,128544750344	1052,87145524966
942,195579884071	1057,80442011594
937,442500782569	1062,55749921744
946,859676695652	1053,14032330435
941,936596709263	1058,06340329074
951,192873674127	1048,80712632588
960,109403833954	1039,89059616605
968,689135978635	1031,31086402137
962,937327501081	1037,06267249893
957,408522164079	1042,59147783593
966,09117475975	1033,90882524026
960,440446134885	1039,55955386512
955,007512792008	1044,992487208
949,781016640955	1050,21898335905
958,750055307185	1041,24994469282
953,381680341352	1046,61831965865
948,216345380317	1051,78365461969
943,243295837419	1056,75670416259
938,452275654946	1061,54772434506
933,83354252947	1066,16645747054
943,377871541267	1056,62212845874
952,581967423128	1047,41803257688
947,446607075916	1052,55339292409
942,50193704334	1057,49806295667
951,737778871036	1048,26222112897
960,633980478624	1039,36601952138
955,193637610661	1044,80636238935
963,96012103482	1036,03987896519
972,391874117895	1027,60812588211
966,495077807458	1033,50492219255
974,828671505684	1025,17132849432
982,835916888104	1017,1640831119
990,525305837189	1009,47469416282
997,906712789896	1002,09328721011
1004,99105821629	995,008941783718
997,789997651485	1002,21000234852
990,879045420691	1009,12095457932
984,246239112323	1015,75376088768
977,879306190114	1022,12069380989
985,765878176188	1014,23412182382
979,338165338384	1020,66183466162
973,166834994026	1026,83316500598
967,239565847373	1032,76043415263
961,544225611474	1038,45577438853
956,068984625664	1043,93101537434
950,802400208229	1049,19759979178
945,733476160984	1054,26652383902
940,851701699881	1059,14829830013
936,147073740196	1063,85292625981
945,61010601367	1054,38989398634
940,732846600739	1059,26715339927
950,032492006625	1049,96750799338
944,992195409837	1055,00780459017
954,137520703769	1045,86247929624
948,943788961932	1051,05621103807
943,94385224237	1056,05614775764
953,127381873614	1046,87261812639
947,971586356838	1052,02841364317
957,007568790027	1042,99243120998
951,705435873424	1048,29456412658
960,602845056101	1039,39715494391
955,163694466642	1044,83630553336
949,931307570129	1050,06869242988
958,894768051585	1041,10523194842
953,520877596016	1046,47912240399
962,350317854731	1037,64968214528
970,844105256637	1029,15589474337
965,008040693192	1034,99195930681
973,399284646791	1026,60071535322
967,46286698763	1032,53713301238
961,758839269356	1038,24116073065
970,275358476766	1029,72464152324
964,461565868699	1035,53843413131
958,873947040918	1041,12605295909
953,500850275788	1046,49914972422
962,331042396518	1037,66895760349
956,825571119668	1043,17442888034
951,530338636309	1048,4696613637
946,434283223487	1053,56571677652
955,526824192317	1044,47317580769
950,280730707975	1049,71926929203
959,231211575289	1040,76878842472
953,844489883511	1046,1555101165
962,661774878625	1037,33822512138
957,143578995867	1042,85642100414
951,836286967626	1048,16371303238
946,728809875133	1053,27119012487
955,810537899894	1044,18946210011
950,553725440176	1049,44627455983
945,494055556667	1054,50594444334
940,62104153437	1059,37895846564
949,924705072969	1050,07529492704
944,888410669038	1055,11158933097
940,037524494376	1059,96247550563
935,362131228752	1064,63786877125
944,852832831927	1055,14716716808
940,003245061735	1059,99675493827
935,329080681809	1064,6709193182
930,820945377331	1069,17905462268
926,469959532444	1073,53004046756
922,267748363954	1077,73225163605
918,206426772931	1081,79357322708
928,278580517361	1071,72141948265
924,014879082135	1075,98512091787
933,895320099522	1066,10467990048
929,437488368304	1070,5625116317
925,134121263209	1074,8658787368
934,976999677412	1065,02300032259
930,481244779775	1069,51875522023
940,141978264388	1059,85802173562
935,462839435613	1064,53716056439
930,949996013324	1069,05000398668
926,594553498723	1073,40544650128
936,388122596427	1063,61187740358
931,84264014627	1068,15735985374
941,456302455017	1058,54369754499
936,729906794041	1063,27009320597
946,172337075937	1053,82766292407
941,274485659413	1058,72551434059
950,554641223586	1049,44535877642
945,494937273633	1054,50506272637
954,62189100261	1045,3781089974
949,409927943927	1050,59007205608
944,392728266795	1055,60727173321
939,559917154545	1060,44008284546
948,901631126676	1051,09836887333
943,903254375905	1056,0967456241
953,08826062368	1046,91173937633
961,93393200203	1038,06606799798
956,443725487152	1043,55627451286
951,162959207353	1048,83704079265
946,080604366437	1053,91939563357
941,186115451521	1058,81388454849
936,469453560159	1063,53054643985
945,921096332725	1054,07890366728
941,03245170898	1058,96754829103
936,321321313238	1063,67867868677
931,778199358943	1068,22180064106
941,394096007657	1058,60590399235
950,669942272129	1049,33005772788
959,605948416298	1040,39405158371
954,204921576394	1045,79507842361
963,008654483733	1036,99134551627
957,477101727556	1042,52289827245
952,157150322951	1047,84284967706
961,037683052469	1038,96231694754
955,581872476599	1044,41812752341
950,333699899605	1049,6663001004
945,282211909441	1054,71778809057
954,416943165614	1045,58305683439
949,212697367087	1050,78730263292
944,202805129016	1055,79719487099
939,376911122074	1060,62308887793
948,725171796527	1051,27482820348
943,73332222934	1056,26667777067
952,924506871945	1047,07549312806
947,776316488881	1052,22368351113
956,819499368607	1043,1805006314
965,524497034796	1034,47550296521
973,89574054708	1026,10425945293
967,939771470648	1032,06022852936
976,217176070768	1023,78282392924
984,169567855352	1015,83043214466
977,805699028178	1022,19430097183
985,695189297707	1014,3048107023
979,270305752209	1020,7296942478
973,101671380744	1026,89832861926
981,176966204162	1018,82303379584
974,932490392316	1025,06750960769
968,935638633321	1031,06436136669
977,174210666369	1022,82578933364
985,088724370539	1014,91127562947
992,688106457108	1007,3118935429
999,982567085432	1000,01743291457
992,983269548891	1007,01673045112
986,265856718858	1013,73414328115
979,818127130946	1020,18187286906
973,627721457016	1026,37227854299
981,682309593555	1018,31769040645
989,417701799243	1010,58229820076
982,843591364384	1017,15640863562
976,532674066685	1023,46732593332
970,472585048284	1029,52741495172
978,651071881389	1021,34892811862
972,507027209931	1027,49297279008
966,605705557009	1033,394294443
960,935002759309	1039,0649972407
969,48312784943	1030,51687215058
963,700317498928	1036,29968250108
972,142098388127	1027,85790161188
966,255114632061	1033,74488536795
960,598024292977	1039,40197570703
955,159058297995	1044,84094170201
949,926846303646	1050,07315369636
958,890472408102	1041,10952759191
953,516745704744	1046,48325429526
948,34634108588	1051,65365891413
943,368491506458	1056,63150849355
938,572927879878	1061,42707212013
947,949894641053	1052,05010535896
956,98667717462	1043,01332282539
951,685336541107	1048,3146634589
960,583496101578	1039,41650389843
969,145086399698	1030,85491360031
963,375481170642	1036,62451882937
971,82979128604	1028,17020871397
979,955070343012	1020,044929657
987,759219827349	1012,24078017266
995,25165026937	1004,74834973064
1002,44293852047	997,557061479541
995,344506217154	1004,65549378285
1002,53205555549	997,467944444521
995,430032996209	1004,5699670038
1002,61413844133	997,38586155868
995,508809058146	1004,49119094186
988,689742361158	1011,31025763885
982,144849023648	1017,85515097636
989,86180368341	1010,1381963166
983,269861564396	1016,73013843561
976,941929981922	1023,05807001809
970,865642125687	1029,13435787432
979,028733705306	1020,9712662947
972,869694640654	1027,13030535935
966,95411456956	1033,04588543045
961,2698736899	1038,73012631011
955,80515962301	1044,194840377
964,548550440994	1035,45144955901
972,957568902965	1027,04243109704
967,038532626441	1032,96146737357
961,351009985249	1038,64899001476
969,883183465315	1030,11681653469
964,084733953331	1035,91526604668
958,51167509046	1041,48832490955
953,15238092474	1046,84761907527
961,995647949348	1038,00435205066
970,503070082498	1029,49692991751
964,680363295805	1035,3196367042
973,084284753002	1026,91571524701
967,16026363212	1032,83973636789
975,468007631605	1024,5319923684
969,450010963997	1030,54998903601
963,668494675249	1036,33150532476
972,111503426897	1027,88849657311
966,225721300331	1033,77427869968
960,569771744211	1039,4302282558
969,131887537084	1030,86811246292
963,362797720746	1036,63720227926
957,817596851189	1042,18240314882
966,484709382141	1033,51529061787
960,818705709835	1039,18129429017
955,371287144329	1044,62871285568
950,131066280076	1049,86893371993
945,087108344478	1054,91289165553
940,228967746332	1059,77103225368
949,546708458809	1050,4532915412
944,5244382698	1055,47556173021
953,686827455374	1046,31317254463
962,510035912936	1037,48996408707
970,997679315848	1029,00232068416
965,155596659316	1034,84440334069
973,541128713544	1026,45887128646
967,599126672733	1032,40087332728
961,889795767466	1038,11020423254
956,401284904994	1043,59871509501
951,122125522746	1048,87787447726
960,041292502313	1039,95870749769
968,623629199151	1031,37637080086
976,874376233086	1023,12562376692
970,800762933709	1029,1992370663
964,966396502336	1035,03360349767
959,359252156224	1040,64074784378
953,967644255749	1046,03235574426
948,780300332048	1051,21969966796
957,786411983017	1042,21358801699
966,454709790958	1033,54529020905
960,78987101921	1039,2101289808
955,343557155159	1044,65644284485
950,104383016092	1049,89561698392
959,061416290203	1040,9385837098
953,681171664742	1046,31882833527
948,504592561435	1051,49540743857
957,520896811992	1042,47910318802
966,199282227913	1033,80071777209
960,544358733845	1039,45564126616
955,107447521795	1044,89255247821
949,877182414802	1050,12281758521
944,842652113054	1055,15734788695
939,99343585565	1060,00656414436
949,319623096968	1050,68037690304
944,305769819953	1055,69423018006
953,476126364317	1046,52387363569
948,307246603123	1051,69275339688
957,330840789405	1042,6691592106
966,016442388733	1033,98355761127
974,368612998803	1025,63138700121
968,394005758803	1031,60599424121
962,65370800232	1037,34629199769
957,135822607074	1042,86417739293
951,82882484519	1048,17117515482
946,721626458752	1053,27837354126
941,803618337943	1058,19638166206
937,064695809783	1062,93530419022
946,495270108862	1053,50472989115
941,585572966685	1058,41442703332
936,854516718239	1063,14548328177
946,292536010545	1053,70746398946
941,390277036551	1058,60972296346
936,666260920052	1063,33373907996
946,110943311362	1053,88905668865
941,215342427604	1058,7846575724
936,497628079425	1063,50237192058
945,94827475712	1054,05172524289
941,058634558614	1058,94136544139
950,346561874221	1049,65343812579
959,294595755806	1040,7054042442
953,905455441699	1046,09454455831
962,72044917894	1037,27955082107
957,199994786462	1042,80000521355
951,890562232245	1048,10943776776
946,781057794571	1053,21894220544
955,86086650315	1044,13913349686
950,602151668412	1049,3978483316
945,540680229644	1054,45931977036
940,665960777304	1059,3340392227
949,968010179494	1050,03198982051
944,930107998513	1055,06989200149
940,077699882171	1059,92230011784
949,400866161352	1050,59913383865
958,384002328542	1041,61599767147
953,029569299621	1046,97043070039
947,877441048237	1052,12255895177
942,916895615883	1057,08310438412
952,137711017223	1047,86228898278
961,018970503602	1038,98102949641
955,563877243593	1044,43612275641
950,316384356356	1049,68361564365
945,26554001931	1054,7344599807
940,40088057719	1059,59911942282
949,71245144522	1050,28754855479
958,684034069915	1041,31596593009
953,318174684662	1046,68182531534
962,155222685084	1037,84477731492
956,656511693572	1043,34348830644
951,36768593695	1048,63231406306
946,277698234036	1053,72230176597
941,375983443311	1058,6240165567
950,652482387986	1049,34751761202
959,589138248166	1040,41086175184
968,188753420111	1031,8112465799
962,456456806947	1037,54354319306
956,946161547198	1043,05383845281
951,646357276101	1048,35364272391
946,545971933531	1053,45402806648
941,634413766631	1058,36558623338
936,901596076168	1063,09840392384
946,337948261462	1053,66205173855
955,434023596156	1044,56597640385
950,191434306172	1049,80856569383
945,145233550831	1054,85476644918
954,284969848867	1045,71503015114
949,085691002287	1050,91430899772
958,080501884508	1041,9194981155
952,737617876969	1047,26238212304
961,596429206801	1038,40357079321
956,119184340408	1043,8808156596
964,850701018358	1035,14929898165
959,248033474813	1040,75196652519
953,860669930292	1046,13933006972
948,677346874225	1051,32265312578
957,68726568356	1042,31273431645
952,359331177983	1047,64066882202
947,232302596699	1052,76769740331
942,295520674888	1057,70447932512
937,538828699661	1062,46117130035
932,952585237066	1067,04741476294
928,527665835867	1071,47233416414
938,255456358243	1061,74454364176
947,643733622357	1052,35626637765
942,691802715718	1057,30819728429
937,920771988298	1062,07922801171
933,320957730724	1066,67904226928
942,883193423928	1057,11680657608
952,105230096713	1047,89476990329
960,987703815533	1039,01229618447
969,533809038279	1030,46619096173
963,74901812446	1036,25098187555
972,188919753087	1027,81108024692
966,300096938656	1033,69990306135
960,641260650391	1039,35873934962
969,200638986788	1030,79936101322
963,428864290431	1036,57113570957
957,881116037566	1042,11888396244
952,545814012752	1047,45418598725
961,411807030276	1038,58819296973
955,941647869985	1044,05835213002
950,67987900051	1049,3201209995
945,615515363694	1054,38448463631
940,738058022404	1059,2619419776
950,037516094913	1049,96248390509
944,997032916805	1055,0029670832
940,142181589769	1059,85781841024
949,463035468578	1050,53696453143
944,443867341191	1055,55613265882
939,609192914746	1060,39080708526
934,949143348526	1065,05085665148
944,454367212384	1055,54563278762
939,619310168396	1060,38068983161
934,958898472716	1065,04110152729
944,463779592777	1055,53622040723
939,628379547483	1060,37162045252
948,967643217202	1051,03235678281
957,966823721417	1042,03317627859
952,628263023629	1047,37173697638
947,491169430404	1052,5088305696
956,544858429931	1043,45514157008
951,260262248499	1048,73973775151
960,174280254859	1039,82571974515
968,751531120526	1031,24846887948
962,997288201241	1037,00271179877
957,46617329066	1042,53382670935
952,146636877334	1047,85336312267
961,027562667403	1038,9724373326
969,572140044666	1030,42785995534
963,78585106537	1036,21414893464
958,224331239869	1041,77566876014
952,875975319065	1047,12402468094
947,729603532714	1052,27039646729
956,774508222032	1043,22549177797
965,481211154202	1034,5187888458
959,854131867605	1040,1458681324
954,443623138819	1045,55637686119
949,23837297652	1050,76162702349
944,227529717801	1055,77247028221
939,400735493336	1060,59926450667
948,748144156659	1051,25185584335
957,755445063099	1042,24455493691
952,424919763879	1047,57508023613
947,295437238859	1052,70456276115
956,356332054676	1043,64366794533
951,078874479714	1048,92112552029
959,999653157799	1040,00034684221
968,583581900454	1031,41641809955
976,835891066206	1023,1641089338
984,763801330769	1015,23619866924
992,376178178236	1007,62382182177
999,683184828375	1000,31681517163
1006,69595095732	993,304049042685
1013,42626955578	986,573730444226
1019,88632947953	980,113670520479
1026,08848714676	973,911512853243
1018,04507764273	981,954922357276
1024,32055097708	975,679449022928
1030,34690147137	969,653098528641
1022,13635487434	977,863645125664
1014,24916195197	985,750838048037
1020,67627279924	979,323727200765
1012,84702951431	987,152970485701
1019,33029706725	980,669702932758
1011,55457712228	988,44542287773
1004,08966806481	995,910331935192
1010,92490434989	989,075095650118
1017,48526215912	982,51473784089
1009,7830590973	990,216940902709
1002,38926460619	997,610735393818
1009,29299468775	990,707005312252
1015,91888803578	984,081111964226
1008,27922211147	991,720777888536
1014,94586123528	985,054138764722
1007,34509575493	992,654904245073
1000,04929961373	999,950700386276
993,04731307406	1006,95268692595
986,327323762332	1013,67267623767
979,877132693723	1020,12286730628
987,68438108874	1012,31561891127
981,179812160896	1018,82018783911
988,935223006268	1011,06477699374
996,380478881032	1003,61952111897
989,526307248135	1010,47369275187
996,947836565022	1003,05216343498
1004,0708115669	995,929188433102
1010,90680726005	989,093192739959
1003,46789142408	996,532108575924
996,328170469589	1003,67182953042
989,476105688588	1010,52389431142
996,899650518679	1003,10034948133
990,024566580057	1009,97543341995
983,426087823353	1016,57391217665
991,091918557662	1008,90808144235
984,450557532817	1015,54944246719
992,075458024777	1007,92454197523
999,394558026602	1000,6054419734
992,41895435692	1007,58104564309
985,724240627713	1014,27575937229
979,298194337928	1020,70180566208
973,128452019541	1026,87154798047
967,202693150186	1032,79730684982
961,50878703892	1038,49121296109
970,034906244193	1029,96509375581
978,23052227106	1021,76947772895
972,103165391361	1027,89683460865
966,21771073284	1033,78228926717
974,56207206156	1025,43792793845
968,579835374451	1031,42016462556
976,832290674994	1023,16770932501
984,7603434685	1015,23965653151
978,372858584755	1021,62714141525
972,239854788408	1027,7601452116
966,349031159384	1033,65096884062
974,688295335083	1025,31170466492
968,701079446191	1031,29892055382
976,948805000127	1023,05119499988
984,872244935941	1015,12775506407
992,480285228675	1007,51971477133
999,783104820026	1000,21689517998
1006,79184465863	993,208155341379
999,51830501512	1000,48169498489
992,537714979976	1007,46228502003
985,83822472356	1014,16177527645
979,407616051038	1020,59238394897
973,233526262219	1026,76647373779
967,303632732149	1032,69636726786
961,605800412601	1038,39419958741
970,128195796544	1029,87180420346
964,320162030703	1035,6798379693
958,738008240495	1041,26199175951
953,37009233245	1046,62990766756
948,205192229413	1051,79480777059
957,232554415087	1042,76744558492
951,921886331719	1048,07811366829
960,811211688512	1039,18878831149
969,364080238342	1030,63591976166
977,585921342439	1022,41407865757
985,484123205308	1014,5158767947
993,067686361119	1006,93231363889
986,34687741269	1013,65312258732
993,895903278959	1006,10409672105
987,141768136226	1012,85823186378
994,658949522705	1005,3410504773
987,874100639798	1012,12589936021
995,361924626794	1004,63807537321
1002,54877258811	997,451227411898
1009,44607655604	990,553923443967
1016,06581934347	983,93418065654
1008,42028268213	991,57971731788
1015,08125084824	984,918749151772
1007,47507035833	992,524929641677
1000,17404637759	999,825953622416
993,167033139533	1006,83296686047
1000,44222726635	999,55777273366
1007,42440765139	992,575592348613
1000,12542138677	999,874578613235
1007,12036750288	992,879632497129
999,833611159807	1000,1663888402
992,840315835861	1007,15968416415
986,128653779864	1013,87134622014
979,686418060544	1020,31358193946
973,50124818317	1026,49875181684
967,56081637303	1032,43918362698
961,85297664868	1038,14702335133
956,365880182936	1043,63411981707
951,088061156819	1048,91193884319
960,008497522755	1039,99150247725
954,592088122888	1045,40791187712
949,381247573781	1050,61875242623
958,365110803552	1041,63488919645
967,01139692638	1032,98860307363
961,324929253898	1038,67507074611
955,858103281098	1044,14189671891
950,599492900734	1049,40050709927
959,53812038081	1040,4618796192
968,139683846901	1031,86031615311
976,409299556756	1023,59070044325
970,35409184678	1029,64590815323
964,537217526332	1035,46278247368
958,946674142459	1041,05332585755
967,570804850488	1032,42919514952
961,862576348732	1038,13742365128
956,375111125528	1043,62488887448
965,096942646251	1034,90305735376
973,484745430907	1026,5152545691
981,544963357739	1018,45503664227
975,285828425235	1024,71417157477
983,275027179521	1016,72497282049
976,94688936546	1023,05311063455
970,870405148775	1029,12959485123
979,033310099075	1020,96668990093
972,874089288505	1027,1259107115
966,958336383227	1033,04166361678
975,273931394312	1024,7260686057
983,263599964419	1016,73640003559
976,935918367961	1023,06408163205
970,859868531911	1029,1401314681
965,023186335714	1034,97681366429
973,413844089356	1026,58615591065
981,476853290606	1018,5231467094
975,220432013732	1024,77956798628
969,212213171182	1030,78778682883
977,43998644335	1022,56001355666
971,343971343224	1028,65602865678
979,488312124832	1020,51168787518
987,311015759285	1012,68898424072
994,821414013887	1005,17858598612
988,030024583841	1011,96997541617
981,511595702616	1018,48840429739
975,253790239441	1024,74620976057
969,244254166517	1030,75574583349
977,470776017802	1022,52922398221
971,373540907604	1028,6264590924
965,516721987238	1034,48327801277
973,888266771917	1026,11173322809
981,93259215193	1018,06740784808
975,658008967096	1024,34199103291
983,632505676112	1016,3674943239
991,290093080393	1008,70990691961
998,640767065099	1001,35923293491
1005,69553656357	994,30446343644
1012,46611575375	987,533884246253
1018,96465112427	981,035348875741
1025,20348740637	974,796512593642
1017,19497303726	982,805026962746
1023,50435146551	976,495648534496
1015,56297547196	984,437024528051
1021,93753401394	978,062465986072
1014,05822507262	985,941774927392
1006,49297891815	993,507021081857
999,231464548014	1000,76853545199
992,262432665792	1007,73756733422
999,574013770213	1000,42598622979
992,591178952802	1007,40882104721
985,889538294888	1014,11046170512
979,456875561249	1020,54312443876
973,280828415323	1026,71917158468
967,34907330058	1032,65092669943
961,64947321941	1038,3505267806
970,170191943913	1029,82980805609
964,360514933282	1035,63948506673
958,776801749834	1041,22319825017
967,407407548186	1032,59259245182
961,705537854404	1038,2944621456
956,224103911595	1043,77589608841
950,951650920544	1049,04834907946
945,877169155701	1054,12283084431
954,990133432779	1045,00986656723
963,764292617859	1036,23570738215
972,203604789409	1027,7963952106
966,314205140933	1033,68579485907
960,654821219345	1039,34517878066
969,213680237151	1030,78631976286
963,441396212087	1036,55860378792
971,893164710186	1028,10683528982
966,015955965183	1033,98404403482
960,368145444429	1039,63185455558
954,937979209726	1045,06202079028
949,714104812462	1050,28589518755
944,68562609931	1055,3143739007
953,84213830855	1046,15786169146
948,659511674135	1051,34048832587
943,670089887092	1056,32991011292
938,863572566711	1061,1364274333
948,230172262544	1051,76982773746
943,25661226663	1056,74338773338
938,465108919155	1061,53489108085
933,845918505404	1066,1540814946
943,389814697644	1056,61018530236
938,593477030891	1061,40652296912
933,969711206468	1066,03028879354
943,509276818231	1056,49072318178
938,708601523863	1061,29139847615
934,080730376629	1065,91926962338
943,616410353105	1056,3835896469
952,811843483096	1047,18815651691
947,667874461734	1052,33212553827
956,715054030083	1043,28494596992
951,424010079947	1048,57598992006
960,331921572266	1039,66807842774
968,903141511527	1031,09685848848
963,142981985529	1036,85701801448
957,606253830717	1042,39374616929
952,281397116973	1047,71860288304
961,157283730808	1038,8427162692
955,696887648079	1044,30311235193
964,444370053449	1035,55562994656
958,8574159131	1041,14258408691
967,484949277922	1032,51505072209
961,780062227795	1038,21993777221
956,295766367791	1043,70423363222
951,020601321997	1048,97939867801
945,943551131552	1054,05644886846
941,054083971248	1058,94591602876
936,342175063581	1063,65782493643
931,798316287757	1068,20168371225
927,413515493502	1072,58648450651
937,179288048409	1062,8207119516
932,605800608201	1067,39419939181
942,192955060783	1057,80704493923
951,439970829042	1048,56002917097
946,347286942186	1053,65271305782
941,443019707916	1058,55698029209
936,717102802038	1063,28289719797
932,159986199509	1067,8400138005
927,762636221037	1072,23736377897
923,516527625796	1076,48347237421
933,413629866606	1066,5863701334
928,972630999325	1071,02736900068
924,685199120174	1075,31480087983
920,543167456849	1079,45683254316
916,538851372056	1083,46114862795
926,665028385941	1073,33497161407
936,456209578381	1063,54379042163
945,908320545655	1054,09167945435
941,020143880196	1058,97985611981
950,309456396032	1049,69054360398
959,258869575019	1040,74113042499
953,871092555447	1046,12890744456
948,687377798323	1051,31262220169
943,696925726909	1056,3030742731
952,88943318239	1047,11056681762
961,742557123733	1038,25744287628
956,259701617465	1043,74029838254
964,985901505626	1035,01409849438
959,378002302184	1040,62199769783
967,985678730706	1032,0143212693
976,261295002771	1023,73870499724
970,211941853126	1029,78805814688
964,400631098702	1035,59936890131
972,815367525163	1027,18463247485
966,901923937116	1033,09807606289
975,219711674425	1024,78028832558
983,211521275428	1016,78847872458
990,885918783948	1009,11408121606
984,2528362733	1015,74716372671
977,885639690281	1022,11436030973
971,771960559118	1028,22803944089
979,89950957805	1020,10049042196
973,7058682694	1026,29413173061
967,757378724868	1032,24262127514
962,041886770968	1037,95811322904
956,547532002004	1043,45246799801
951,262834557636	1048,73716544237
946,176756661281	1053,82324333873
955,278743216028	1044,72125678398
964,042015283813	1035,9579847162
958,470606167335	1041,52939383267
953,11287588266	1046,88712411735
947,95762430459	1052,04237569542
942,994121735671	1057,00587826434
938,212138115522	1061,78786188449
933,601957579385	1066,39804242062
943,1543815727	1056,84561842731
938,366586900592	1061,63341309942
933,75090653709	1066,24909346292
929,298124966422	1070,70187503359
938,999538671006	1061,000461329
948,361284532593	1051,63871546742
943,382883039616	1056,61711696039
938,586797001322	1061,41320299869
933,963269329127	1066,03673067088
929,503060349251	1070,49693965076
925,197442798933	1074,80255720108
935,038190189726	1064,96180981028
944,540284904658	1055,45971509535
939,7020964644	1060,29790353561
935,038721048032	1064,96127895198
944,540797104907	1055,4592028951
939,70258999389	1060,29741000612
949,039196906509	1050,9608030935
958,035729002685	1041,96427099732
952,694547918816	1047,30545208119
947,554972278857	1052,44502772115
942,606311366938	1057,39368863307
951,838375757111	1048,1616242429
960,730820648352	1039,26917935166
955,286768840971	1044,71323115904
950,049738030653	1049,95026196936
959,008800949637	1040,99119905037
967,63056281213	1032,36943718788
975,920008203523	1024,07999179649
983,884150030422	1016,11584996959
991,531685489746	1008,46831451026
984,872648211607	1015,1273517884
992,480672376858	1007,51932762315
985,783476397174	1014,21652360284
993,355059168755	1006,64494083125
986,622688132725	1013,37731186728
994,160667141974	1005,83933285803
987,395875875495	1012,60412412451
980,902872729945	1019,09712727006
988,669311049665	1011,33068895034
996,125237510456	1003,87476248955
1003,28134610388	996,71865389613
996,149139201058	1003,85086079895
989,3042851462	1010,69571485381
982,734727763793	1017,26527223622
976,428154373157	1023,57184562685
970,372200733449	1029,62779926656
964,55461754404	1035,44538245597
958,963401434403	1041,03659856561
967,586894382799	1032,41310561721
961,878039617437	1038,12196038257
956,389980378439	1043,61001962157
965,111248978888	1034,88875102112
959,498497936447	1040,50150206356
968,101574342344	1031,89842565767
962,372675107919	1037,62732489209
956,865602620833	1043,13439737918
951,568852646528	1048,43114735348
946,47136002721	1053,5286399728
955,562540398762	1044,43745960125
964,315098003476	1035,68490199653
958,733139896633	1041,26686010338
967,365409494362	1032,63459050565
961,665173848854	1038,33482615116
956,185289759715	1043,81471024029
964,91430545386	1035,08569454615
959,309176902553	1040,69082309746
967,919480141544	1032,08051985846
962,197675140184	1037,80232485982
970,697332115817	1029,30266788419
964,867017485358	1035,13298251465
973,263718652953	1026,73628134706
967,332636913833	1032,66736308618
961,633676272628	1038,36632372738
970,155001484913	1029,8449985151
964,345918869234	1035,65408113077
958,762769751449	1041,23723024856
953,39391028107	1046,60608971894
962,228116356096	1037,77188364391
956,726602951096	1043,27339704891
951,435121364411	1048,5648786356
946,342618378875	1053,65738162113
955,438522401961	1044,56147759805
950,195763256607	1049,8042367434
945,14940165345	1054,85059834656
940,28898568906	1059,71101431095
935,60457285377	1064,39542714624
931,086737805097	1068,91326219491
926,726570281978	1073,27342971803
936,515665614298	1063,48433438571
945,96567452532	1054,03432547469
955,075396905377	1044,92460309463
963,846340680491	1036,15365931952
972,282486175531	1027,71751382448
966,38998777036	1033,61001222965
974,727661928676	1025,27233807133
982,738892908791	1017,26110709122
990,432153329229	1009,56784667078
983,81730263112	1016,18269736889
991,46750857728	1008,53249142273
984,81105114113	1015,18894885888
978,421538572476	1021,57846142753
972,286603228802	1027,71339677121
966,3939430781	1033,60605692191
974,731463675887	1025,26853632412
968,742544660207	1031,2574553398
976,988652380591	1023,01134761942
984,910514552075	1015,08948544793
992,517024367485	1007,48297563252
985,818366303432	1014,18163369658
979,388552528814	1020,61144747119
973,215220205709	1026,7847797943
967,286047072179	1032,71395292783
961,588898836444	1038,41110116356
970,11194304607	1029,88805695394
964,304545189112	1035,6954548109
958,722994855082	1041,27700514493
967,355651016683	1032,64434898333
961,655795030238	1038,34420496977
956,176271036503	1043,8237289635
950,905627966099	1049,09437203391
945,832860259722	1054,16713974029
940,947447169871	1059,05255283014
936,239375342895	1063,76062465711
945,699148168263	1054,30085183175
940,81863022348	1059,18136977653
936,115191522085	1063,88480847792
945,579349369805	1054,4206506302
940,70321527279	1059,29678472722
936,00392575675	1063,99607424326
931,472010606774	1068,52798939323
941,098515195352	1058,90148480466
936,385007077349	1063,61499292266
945,839634731598	1054,16036526841
940,953973570459	1059,04602642955
936,245666950211	1063,7543330498
945,705217555609	1054,2947824444
940,824477462424	1059,17552253758
950,120828503711	1049,8791714963
945,07725088335	1054,92274911666
954,219470299549	1045,78052970046
949,022655875653	1050,97734412435
958,019800258331	1041,98019974168
952,679224969513	1047,32077503049
961,540223144194	1038,45977685581
970,065135785761	1029,93486421425
964,259569207223	1035,74043079279
958,679756683954	1041,32024331605
967,314060262825	1032,68593973718
975,615822299192	1024,38417770082
969,591985928379	1030,40801407163
963,804921280433	1036,19507871958
958,242665449927	1041,75733455008
966,893611859813	1033,1063881402
961,211722661151	1038,78827733886
969,749238921955	1030,25076107805
963,956027017653	1036,04397298236
972,387938167865	1027,61206183214
966,491296517627	1033,50870348238
960,825037052973	1039,17496294703
955,377375913057	1044,62262408695
950,136925204518	1049,86307479549
945,092749614632	1054,90725038538
954,234402980306	1045,7655970197
949,037026755914	1050,96297324409
944,033639184766	1055,96636081524
953,213902340926	1046,78609765908
948,054862024193	1051,94513797582
943,087772289174	1056,91222771083
938,302393294273	1061,69760670573
933,688999231053	1066,31100076895
929,238381631603	1070,7616183684
924,941843903034	1075,05815609697
920,791189353561	1079,20881064645
916,778704554805	1083,2212954452
912,897139517644	1087,10286048236
909,139685845838	1090,86031415417
919,499953770212	1080,5000462298
915,529887001478	1084,47011299853
925,688527031054	1074,31147296895
921,512726083675	1078,48727391633
931,476420558907	1068,5235794411
927,102772463682	1072,89722753633
922,879104255706	1077,1208957443
918,797459651851	1081,20254034816
928,850356184283	1071,14964381573
924,567110384616	1075,43288961539
934,429042837518	1065,57095716249
943,952520319519	1056,04747968049
939,1357346495	1060,86426535051
934,492615899896	1065,50738410011
930,013864308332	1069,98613569168
925,690693486397	1074,30930651361
935,514819450942	1064,48518054907
945,000145710632	1054,99985428938
940,14518073159	1059,85481926842
949,465927043301	1050,53407295671
958,446651728836	1041,55334827117
953,089833535356	1046,91016646465
961,93544593898	1038,06455406103
956,445181257463	1043,55481874254
965,164359855448	1034,83564014456
959,549552625383	1040,45044737463
954,150679534329	1045,84932046568
948,956452849857	1051,04354715015
943,956047485464	1056,04395251454
953,139133511994	1046,86086648801
947,982897320357	1052,01710267965
957,01846252485	1042,98153747516
965,715916461403	1034,28408353861
960,079741070866	1039,92025892914
954,660607565349	1045,33939243466
949,447186121054	1050,55281387895
958,428605491328	1041,57139450868
967,072474388895	1032,92752561111
961,383632089185	1038,61636791082
955,914553979854	1044,08544602015
964,653809505485	1035,34619049452
